3 3 5 3 2
50 100 150
5 10 15
0.35 0.45 0.6 1.2 1.4
0.004 0.005 0.007
0 0.005
3.212471892232 15.771111463489
3.212518382923 15.774319266509
3.217497739693 15.723428701380
3.217555850130 15.727417424497
3.227669292517 15.628662466663
3.227750635618 15.634186741675
3.208037360484 15.813660582008
3.208073521132 15.816167044273
3.211915892410 15.776421686538
3.211961091910 15.779542189614
3.219744172890 15.702299978732
3.219807447011 15.706632990626
3.204182200565 15.851016337518
3.204209321630 15.852903661471
3.207071389974 15.822988618233
3.207105290787 15.825340771122
3.212889209264 15.767130382034
3.212936668336 15.770403590687
3.198442695624 15.907266145468
3.198456256405 15.908215353162
3.199872747523 15.893179571799
3.199889698445 15.894364357025
3.202742486102 15.865054598364
3.202766217178 15.866708445238
3.197626957690 15.915322789034
3.197638581221 15.916137069493
3.198850955443 15.903239777945
3.198865484837 15.904256364380
3.201306006400 15.879109033018
3.201326347423 15.880528699133
3.212471892232 31.542222926978
3.212564875612 31.546103015608
3.217497739693 31.446857402760
3.217613963674 31.451678726374
3.227669292517 31.257324933326
3.227831984753 31.263993295057
3.208037360484 31.627321164016
3.208109682995 31.630354825294
3.211915892410 31.552843373075
3.212006293298 31.556618159338
3.219744172890 31.404599957464
3.219870724809 31.409835838620
3.204182200565 31.702032675036
3.204236443380 31.704318238408
3.207071389974 31.645977236467
3.207139192667 31.648824524714
3.212889209264 31.534260764067
3.212984129489 31.538219735202
3.198442695624 31.814532290935
3.198469817350 31.815682758491
3.199872747523 31.786359143599
3.199906649634 31.787794833462
3.202742486102 31.730109196729
3.202789948778 31.732112437436
3.197626957690 31.830645578069
3.197650204888 31.831632629892
3.198850955443 31.806479555891
3.198880014424 31.807711613670
3.201306006400 31.758218066037
3.201346688831 31.759938014561
3.212471892232 47.313334390467
3.212611370298 47.318334963796
3.217497739693 47.170286104140
3.217672080326 47.176495109263
3.227669292517 46.885987399989
3.227913339923 46.894562602299
3.208037360484 47.440981746024
3.208145846070 47.444894077433
3.211915892410 47.329265059613
3.212051496575 47.334130326031
3.219744172890 47.106899936197
3.219934006283 47.113640616311
3.204182200565 47.553049012554
3.204263565815 47.555998311093
3.207071389974 47.468965854700
3.207173095614 47.472638373003
3.212889209264 47.301391146101
3.213031592723 47.306493063770
3.198442695624 47.721798436403
3.198483378472 47.723284337793
3.199872747523 47.679538715398
3.199923601087 47.681392580668
3.202742486102 47.595163795093
3.202813680902 47.597749360974
3.197626957690 47.745968367103
3.197661828680 47.747243371716
3.198850955443 47.709719333836
3.198894544214 47.711310511366
3.201306006400 47.637327099055
3.201367030629 47.639547519870
4.554928147997 22.192144744643
4.554993889216 22.200826542593
4.565129058058 22.097525296114
4.565211225599 22.108296670346
4.585881584802 21.910039932163
4.585996584200 21.924887033199
4.545956081801 22.276727968184
4.546007217651 22.283524443087
4.553801768087 22.202693289410
4.553865683828 22.211140844572
4.569699894374 22.055657700433
4.569789360535 22.067346868619
4.538177793900 22.351099638887
4.538216147618 22.356225415593
4.544005234841 22.295289510936
4.544053175343 22.301670134322
4.555773852735 22.184237935096
4.555840963022 22.193095146034
4.526634325374 22.463276961563
4.526653503056 22.465860797330
4.529506407991 22.435163708319
4.529530379910 22.438387007922
4.535278085787 22.379074764647
4.535311645756 22.383569055488
4.524997222972 22.479362116023
4.525013661035 22.481579367059
4.527453989775 22.455239950332
4.527474537250 22.458006758095
4.532387642726 22.407096215671
4.532416408752 22.410956340514
4.554928147997 44.384289489286
4.555059633239 44.393907538707
4.565129058058 44.195050592227
4.565293397492 44.206976915678
4.585881584802 43.820079864325
4.586111592012 43.836501343207
4.545956081801 44.553455936367
4.546058355206 44.560989162708
4.553801768087 44.405386578821
4.553929602221 44.414745711630
4.569699894374 44.111315400866
4.569878831841 44.124254783410
4.538177793900 44.702199277774
4.538254502300 44.707883265805
4.544005234841 44.590579021871
4.544101117346 44.597652111062
4.555773852735 44.368475870192
4.555908076231 44.378287788704
4.526634325374 44.926553923127
4.526672680975 44.929421128829
4.529506407991 44.870327416639
4.529554352208 44.873903592125
4.535278085787 44.758149529294
4.535345206464 44.763134115086
4.524997222972 44.958724232046
4.525030099283 44.961184896162
4.527453989775 44.910479900664
4.527495085000 44.913549991524
4.532387642726 44.814192431342
4.532445175321 44.818474406515
4.554928147997 66.576434233928
4.555125380066 66.587612680441
4.565129058058 66.292575888341
4.565375573739 66.306427096534
4.585881584802 65.730119796488
4.586226608241 65.749165194193
4.545956081801 66.830183904551
4.546109494467 66.838945035373
4.553801768087 66.608079868231
4.553993523266 66.618958276051
4.569699894374 66.166973101300
4.569968308293 66.181996140191
4.538177793900 67.053298916660
4.538292857946 67.059913248089
4.544005234841 66.885868532807
4.544149060850 66.894095718613
4.555773852735 66.552713805289
4.555975192359 66.564116880341
4.526634325374 67.389830884690
4.526691859143 67.393170371285
4.529506407991 67.305491124958
4.529578324881 67.309655423179
4.535278085787 67.137224293941
4.535378767912 67.143026031071
4.524997222972 67.438086348070
4.525046537705 67.440952698804
4.527453989775 67.365719850996
4.527515633032 67.369295410977
4.532387642726 67.221288647013
4.532473942436 67.226273700898
5.589849897958 27.075505496781
5.589930405986 27.091159358966
5.605327409965 26.934457058563
5.605428027844 26.953842807426
5.636943991232 26.655667968395
5.637084788878 26.682281259035
5.576270870505 27.201775691294
5.576333495101 27.214049167133
5.588143409288 27.091243719901
5.588221682255 27.106478242499
5.612276091248 26.872117799087
5.612385643069 26.893137352354
5.564524020509 27.312936106620
5.564570992465 27.322204466193
5.573322475016 27.229507380178
5.573381186806 27.241033662430
5.591131487373 27.063710444002
5.591213671621 27.079678202453
5.547133888713 27.480827445602
5.547157376289 27.485508028134
5.551455898897 27.438726997031
5.551485258009 27.444563367433
5.560150836148 27.354780684308
5.560191937508 27.362911001786
5.544671720949 27.504922606494
5.544691853265 27.508940131322
5.548367028651 27.468790145442
5.548392193831 27.473801547349
5.555794838736 27.396711196739
5.555830069128 27.403697498177
5.589849897958 54.151010993562
5.590010917428 54.167798007569
5.605327409965 53.868914117126
5.605528651013 53.889693431338
5.636943991232 53.311335936790
5.637225596713 53.339837044630
5.576270870505 54.403551382589
5.576396121778 54.416718956739
5.588143409288 54.182487439801
5.588299958452 54.198825624411
5.612276091248 53.744235598174
5.612495201140 53.766761591306
5.564524020509 54.625872213240
5.564617965598 54.635819579760
5.573322475016 54.459014760356
5.573439900425 54.471381888542
5.591131487373 54.127420888004
5.591295859424 54.144543842484
5.547133888713 54.961654891205
5.547180864158 54.966681354485
5.551455898897 54.877453994063
5.551514617581 54.883720715213
5.560150836148 54.709561368616
5.560233039772 54.718288596978
5.544671720949 55.009845212987
5.544711985804 55.014159992293
5.548367028651 54.937580290883
5.548417359350 54.942961789048
5.555794838736 54.793422393478
5.555865300184 54.800922721378
5.589849897958 81.226516490342
5.590091432284 81.245192025533
5.605327409965 80.803371175689
5.605629279473 80.826473007172
5.636943991232 79.967003905184
5.637366414739 79.998651237827
5.576270870505 81.605327073883
5.576458750534 81.619984769065
5.588143409288 81.273731159702
5.588378237879 81.291908718711
5.612276091248 80.616353397262
5.612604765459 80.641390020375
5.564524020509 81.938808319860
5.564664939909 81.949887338923
5.573322475016 81.688522140534
5.573498615876 81.702290640335
5.591131487373 81.191131332006
5.591378050782 81.210179545828
5.547133888713 82.442482336807
5.547204352328 82.448085261048
5.551455898897 82.316180991094
5.551543977616 82.323164952741
5.560150836148 82.064342052923
5.560274142938 82.074064112630
5.544671720949 82.514767819481
5.544732118556 82.519578017649
5.548367028651 82.406370436325
5.548442525210 82.412368753610
5.555794838736 82.190133590216
5.555900531907 82.198490613802
